496
Bip_Pelvis
-1
0.007685 0.834099 0.000000 0 0 0 1
3048D462
-1
0.000000 0.000000 0.000000 0 0 0 1
A94185D8
-1
0.000000 0.000000 0.000000 0 0 0 1
Bip_PelvisHelper3
0
0.007685 0.834099 0.000000 0 0 0 1
Bip_PelvisHelper1
0
0.007685 0.834099 0.000000 0 0 0 1
Bip_PelvisHelper2
0
0.007685 0.834099 0.000000 0 0 0 1
Bip_Thigh_R
0
0.007685 0.834099 0.083320 0 0 0 1
Bip_Leg_R
6
-0.012138 0.431132 0.083320 0 0 0 1
Bip_SpineBase
0
-0.004104 0.875807 0.000000 0 0 0 1
Bip_Spine1
8
-0.004104 0.946997 0.000000 0 0 0 1
Bip_Spine2
9
-0.004104 1.042929 0.000000 0 0 0 1
Bip_Spine3
10
-0.004104 1.151120 0.000000 0 0 0 1
Bip_Clavicle_L
11
0.011827 1.330077 -0.016717 0 0 0 1
Bip_UpperArmBase_L
12
-0.044114 1.330064 -0.124647 -0.191261 -0.009764 0.001903 0.981489
Bip_UpperArm_R
13
-0.044113 1.274095 -0.146863 -0.375925 -0.001976 0.046111 0.9255
Bip_Forearm_L
14
-0.034860 1.106143 -0.320054 -0.352095 -0.235636 0.139552 0.895003
Bip_Clavicle_R
11
0.011827 1.330077 0.016717 0 0 0 1
Bip_UpperArmBase_R
16
-0.044114 1.330064 0.124647 0.191261 0.009764 0.001903 0.981489
Bip_UpperArm_R
17
-0.044113 1.274095 0.146863 0.375925 0.001976 0.046111 0.9255
Bip_Forearm_R
18
-0.034860 1.106143 0.320054 0.352095 0.235636 0.139552 0.895003
Bip_Thigh_L
0
0.007685 0.834099 -0.083320 0 0 0 1
Bip_Leg_L
20
-0.012138 0.431132 -0.083320 0 0 0 1
DBDA00D3
11
-0.054104 1.401120 0.050000 0 0 0 1
B2EB23CA
11
-0.054104 1.401120 -0.050000 0 0 0 1
9FFFA9DA
11
0.054720 1.294104 -0.040000 0 0 0 1
FBFD3039
11
0.054720 1.294104 0.040000 0 0 0 1
Bip_Foot_R
7
-0.041515 0.074984 0.083320 0 -0.014433 0 0.999896
Bip_Foot_L
21
-0.041515 0.074984 -0.083320 0 0.014433 0 0.999896
Bip_FootHelper_R
26
-0.041515 0.074984 0.083320 0 -0.014433 0 0.999896
Bip_FootHelper_L
27
-0.041515 0.074984 -0.083320 0 0.014433 0 0.999896
Bip_Hand_L
15
0.077450 0.984239 -0.458483 -0.385922 -0.240519 0.116269 0.883004
Bip_Spine4
11
-0.034788 1.363868 0.000000 0 0 -0.045572 0.998961
Bip_Neck
31
-0.027220 1.424615 0.000000 0 0 -0.045572 0.998961
Bip_Head
32
-0.019652 1.485362 0.000000 0 0 0 1
Bip_Hand_R
19
0.077450 0.984240 0.458483 0.385922 0.240519 0.116269 0.883004
Bip_HandHelper3_L
30
0.077450 0.984239 -0.458483 -0.385922 -0.240519 0.116269 0.883004
Bip_HandHelper2_L
30
0.077450 0.984239 -0.458483 -0.385922 -0.240519 0.116269 0.883004
Bip_HandHelper1_L
30
0.077450 0.984239 -0.458483 -0.385922 -0.240519 0.116269 0.883004
Bip_HeadHelper1
33
-0.019652 1.485362 0.000000 0 0 0 1
Bip_HeadHelper3
33
-0.019652 1.485362 0.000000 0 0 0 1
Bip_HeadHelper2
33
-0.019652 1.485362 0.000000 0 0 0 1
Bip_HandHelper1_R
34
0.077450 0.984240 0.458483 0.385922 0.240519 0.116269 0.883004
Bip_HandHelper3_R
34
0.077450 0.984240 0.458483 0.385922 0.240519 0.116269 0.883004
Bip_HandHelper2_R
34
0.077450 0.984240 0.458483 0.385922 0.240519 0.116269 0.883004
Bip_Toe_R
26
0.084057 0.016630 0.086946 0 -0.014433 0 0.999896
Bip_FIndex00_L
30
0.099388 0.981578 -0.467132 -0.375432 -0.370848 -0.001472 0.849424
Bip_FIndex01_L
45
0.137717 0.942640 -0.494133 -0.442122 -0.369544 -0.031108 0.816699
Bip_FIndex02_L
46
0.159813 0.914062 -0.507017 -0.550135 -0.361766 -0.081584 0.748212
Bip_FIndex03_L
47
0.169646 0.894851 -0.509912 -0.615421 -0.352926 -0.113903 0.695504
Bip_FMiddle00_L
30
0.090472 0.978186 -0.474908 -0.407939 -0.251877 0.089707 0.872981
Bip_FMiddle01_L
49
0.120944 0.938560 -0.507004 -0.494008 -0.259648 0.063814 0.827325
Bip_FMiddle02_L
50
0.142524 0.904207 -0.523520 -0.598357 -0.265779 0.029171 0.755301
Bip_FMiddle03_L
51
0.153022 0.882836 -0.526952 -0.688723 -0.267337 -0.004537 0.673922
Bip_FPinky00_L
30
0.066063 0.969498 -0.477998 -0.448619 -0.130533 0.123222 0.875511
Bip_FPinky01_L
53
0.084634 0.928242 -0.508850 -0.470283 -0.133561 0.119933 0.864067
Bip_FPinky02_L
54
0.094033 0.906888 -0.523129 -0.568155 -0.146677 0.103481 0.803105
Bip_FPinky03_L
55
0.099555 0.893095 -0.527997 -0.692816 -0.161734 0.077876 0.698415
Bip_FRing00_L
30
0.077187 0.972205 -0.477836 -0.416146 -0.179734 0.143774 0.879686
Bip_FRing01_L
57
0.102191 0.933169 -0.511626 -0.511984 -0.194696 0.122756 0.827585
Bip_FRing02_L
58
0.120880 0.899810 -0.528311 -0.62706 -0.210499 0.09309 0.744192
Bip_FRing03_L
59
0.131286 0.878173 -0.531335 -0.698509 -0.218771 0.071517 0.677577
Bip_FThumb01_L
30
0.105228 0.978899 -0.449467 -0.024107 -0.684816 -0.470241 0.556165
Bip_FThumb02_L
61
0.133658 0.953092 -0.451809 -0.050902 -0.661341 -0.502721 0.554355
Bip_FThumb03_L
62
0.152826 0.932818 -0.455184 -0.101487 -0.61249 -0.561209 0.547358
Bip_FIndex00_R
34
0.099388 0.981578 0.467132 0.375432 0.370848 -0.001472 0.849424
Bip_FIndex01_R
64
0.137717 0.942640 0.494133 0.442122 0.369544 -0.031108 0.816699
Bip_FIndex02_R
65
0.159813 0.914062 0.507017 0.550135 0.361766 -0.081584 0.748212
Bip_FIndex03_R
66
0.169646 0.894851 0.509912 0.615421 0.352926 -0.113903 0.695504
Bip_FMiddle00_R
34
0.090472 0.978185 0.474908 0.407939 0.251877 0.089708 0.872981
Bip_FMiddle01_R
68
0.120944 0.938560 0.507004 0.494008 0.259648 0.063814 0.827325
Bip_FMiddle02_R
69
0.142524 0.904207 0.523520 0.598357 0.265779 0.029171 0.755301
Bip_FMiddle03_R
70
0.153022 0.882835 0.526952 0.688723 0.267337 -0.004537 0.673922
Bip_FPinky00_R
34
0.066063 0.969498 0.477998 0.448619 0.130533 0.123222 0.875511
Bip_FPinky01_R
72
0.084634 0.928242 0.508850 0.470284 0.133561 0.119932 0.864066
Bip_FPinky02_R
73
0.094033 0.906888 0.523129 0.568155 0.146677 0.103481 0.803105
Bip_FPinky03_R
74
0.099555 0.893095 0.527997 0.692817 0.161734 0.077876 0.698415
Bip_FRing00_R
34
0.077187 0.972205 0.477836 0.416146 0.179734 0.143774 0.879686
Bip_FRing01_R
76
0.102191 0.933169 0.511626 0.511984 0.194696 0.122756 0.827585
Bip_FRing02_R
77
0.120880 0.899810 0.528311 0.62706 0.210499 0.09309 0.744191
Bip_FRing03_R
78
0.131286 0.878173 0.531336 0.698509 0.218771 0.071517 0.677577
Bip_FThumb01_R
34
0.105228 0.978899 0.449467 0.024107 0.684816 -0.470241 0.556165
Bip_FThumb02_R
80
0.133658 0.953092 0.451809 0.050902 0.661341 -0.502721 0.554355
Bip_FThumb03_R
81
0.152826 0.932818 0.455184 0.101487 0.61249 -0.561209 0.547358
Bip_Toe_L
27
0.084057 0.016630 -0.086946 0 0.014433 0 0.999896
Bip_FaceLipMiUpOut
33
0.095057 1.473011 0.000176 0 0 0 1
Bip_FaceLipMiUpIn
84
0.088534 1.466670 -0.000025 0 0 0 1
Bip_FaceLipMiLoOut
33
0.091249 1.458655 0.000018 0 0 0 1
Bip_FaceLipMiLoIn
86
0.087027 1.466840 0.000045 0 0 0 1
Bip_FaceEyelidLo00Base_L
33
0.072821 1.526474 0.014346 0 0 0 1
Bip_FaceEyelidLo00In_R
88
0.072821 1.526474 0.014346 0 0 0 1
Bip_FaceEyelidLo00Out_R
88
0.072821 1.526474 0.014346 0 0 0 1
Bip_FaceLipEdgeOut_R
33
0.094346 1.474749 0.006571 0 0 0 1
Bip_FaceLipEdgeIn_R
91
0.087508 1.466959 0.005815 0 0 0 1
Bip_FaceLipRoll1Out_R
33
0.087829 1.470939 0.015958 0 0 0 1
Bip_FaceLipRoll1In_R
93
0.083793 1.465916 0.012541 0 0 0 1
Bip_FaceLipRoll2Out_R
33
0.082120 1.467225 0.020865 0 0 0 1
Bip_FaceLipRoll2In_R
95
0.079047 1.465951 0.016239 0 0 0 1
Bip_FaceMouthCornerBase_R
33
0.078914 1.465006 0.021820 0 0 0 1
Bip_FaceMouthCornerInBase_R
97
0.075989 1.466042 0.017931 0 0 0 1
Bip_FaceMouthCornerInLo_R
98
0.075992 1.466042 0.017926 0 0 0 1
Bip_FaceMouthCornerInLo_L
98
0.075992 1.466042 0.017926 0 0 0 1
Bip_FaceMouthCornerUp_R
97
0.078914 1.465006 0.021820 0 0 0 1
Bip_FaceMouthCornerLo_R
97
0.078914 1.465006 0.021820 0 0 0 1
Bip_FaceLipBumpLoOut_R
33
0.090125 1.458900 0.007059 0 0 0 1
Bip_FaceLipBumpLoIn_R
103
0.086293 1.467244 0.005604 0 0 0 1
Bip_FaceLipRidge1Out_R
33
0.085846 1.460491 0.015082 0 0 0 1
Bip_FaceLipRidge1In_R
105
0.082852 1.467286 0.011874 0 0 0 1
Bip_FaceLipRidge2Out_R
33
0.081296 1.463170 0.019779 0 0 0 1
Bip_FaceLipRidge2In_R
107
0.078587 1.466739 0.015805 0 0 0 1
Bip_FaceEyelidLo00Base_L
33
0.072901 1.525380 -0.015973 0 0 0 1
Bip_FaceEyelidLo00In_L
109
0.072901 1.525380 -0.015973 0 0 0 1
Bip_FaceEyelidLo00Out_L
109
0.072901 1.525380 -0.015973 0 0 0 1
Bip_FaceLipEdgeOut_L
33
0.094279 1.474580 -0.006329 0 0 0 1
Bip_FaceLipEdgeIn_L
112
0.087367 1.466897 -0.005763 0 0 0 1
Bip_FaceLipRoll1Out_L
33
0.087159 1.471013 -0.014983 0 0 0 1
Bip_FaceLipRoll1In_L
114
0.083201 1.465587 -0.011763 0 0 0 1
Bip_FaceLipRoll2Out_L
33
0.081356 1.467700 -0.019428 0 0 0 1
Bip_FaceLipRoll2In_L
116
0.078714 1.465567 -0.015672 0 0 0 1
Bip_FaceMouthCornerBase_L
33
0.077150 1.464682 -0.020888 0 0 0 1
Bip_FaceMouthCornerInBase_L
118
0.075939 1.465704 -0.018004 0 0 0 1
Bip_FaceMouthCornerInUp_L
119
0.075939 1.465704 -0.018004 0 0 0 1
Bip_FaceMouthCornerInUp_R
119
0.075939 1.465704 -0.018004 0 0 0 1
Bip_FaceMouthCornerUp_L
118
0.077150 1.464682 -0.020888 0 0 0 1
Bip_FaceMouthCornerLo_L
118
0.077150 1.464682 -0.020888 0 0 0 1
Bip_FaceLipBumpLoOut_L
33
0.090049 1.458634 -0.006937 0 0 0 1
Bip_FaceLipBumpLoIn_L
124
0.086068 1.467418 -0.005389 0 0 0 1
Bip_FaceLipRidge1Out_L
33
0.085014 1.460255 -0.015043 0 0 0 1
Bip_FaceLipRidge1In_L
126
0.082763 1.467144 -0.011299 0 0 0 1
Bip_FaceLipRidge2Out_L
33
0.080061 1.462534 -0.018974 0 0 0 1
Bip_FaceLipRidge2In_L
128
0.078601 1.465991 -0.015569 0 0 0 1
Bip_FaceTongueRoot
33
0.043390 1.469087 -0.000289 0 0 0 1
Bip_FaceTongueMi
130
0.057468 1.467055 -0.000253 0 0 0 1
Bip_FaceTongueEnd
131
0.071546 1.465023 -0.000217 0 0 0 1
Bip_Goiter
33
0.015201 1.479595 0.000359 0 0 0 1
Bip_GoiterEnd
133
0.016201 1.478595 0.000359 0 0 0 1
Bip_FaceForeheadTop
33
0.077244 1.590407 0.000139 0 0 0 1
Bip_FaceForehead
33
0.085374 1.564056 -0.000046 0 0 0 1
Bip_FaceNoseUp
33
0.086938 1.547012 -0.000195 0 0 0 1
Bip_FaceNoseCorner
33
0.083993 1.532691 -0.000189 0 0 0 1
Bip_FaceNoseHump
33
0.086723 1.525410 -0.000082 0 0 0 1
Bip_FaceNosePoint
33
0.104582 1.502670 -0.000154 0 0 0 1
Bip_FaceUpperLipUp
33
0.092612 1.483329 0.000014 0 0 0 1
Bip_ChinFront
33
0.085144 1.449806 -0.000039 0 0 0 1
Bip_ChinUp
33
0.080076 1.430137 0.000087 0 0 0 1
Bip_Chin
33
0.063860 1.426099 0.000000 0 0 0 1
Bip_ChinLo
33
0.048514 1.426204 0.000001 0 0 0 1
Bip_FaceEyelidLo04_R
33
0.067561 1.521157 0.043694 0 0 0 1
Bip_FaceEyelidLo03_R
33
0.072872 1.517669 0.034475 0 0 0 1
Bip_FaceEyelidLo02_R
33
0.073689 1.519068 0.026969 0 0 0 1
Bip_FaceEyelidLo01_R
33
0.072560 1.522762 0.020300 0 0 0 1
Bip_FaceNoseSide_R
33
0.074859 1.525170 0.009147 0 0 0 1
Bip_FaceEyeOrbitUp00_R
33
0.074869 1.536139 0.018258 0 0 0 1
Bip_FaceEyeCover02_R
33
0.077332 1.539165 0.028049 0 0 0 1
Bip_FaceEyeOrbitUp04_R
33
0.074152 1.537770 0.040119 0 0 0 1
Bip_FaceEyeOrbitUp06_R
33
0.066497 1.533613 0.046517 0 0 0 1
Bip_FaceEyeCanthusOut00_R
33
0.060328 1.527325 0.051300 0 0 0 1
Bip_FaceCheekBone_R
33
0.065746 1.515304 0.051340 0 0 0 1
Bip_FaceCheekFront01_R
33
0.075857 1.508210 0.038984 0 0 0 1
Bip_FaceTearTroughts02_R
33
0.075736 1.512175 0.026862 0 0 0 1
Bip_FaceTearTroughts00_R
33
0.073802 1.517187 0.019027 0 0 0 1
Bip_FaceBrowLoIn_R
33
0.082506 1.542405 0.014597 0 0 0 1
Bip_FaceBrowLo_R
33
0.080111 1.544391 0.029592 0 0 0 1
Bip_FaceBrowLoOut_R
33
0.074578 1.542979 0.042768 0 0 0 1
Bip_FaceBrowLoSide_R
33
0.064021 1.536320 0.051194 0 0 0 1
Bip_FaceEyeCanthusOut01_R
33
0.056079 1.525863 0.056322 0 0 0 1
Bip_FaceCheekSide00_R
33
0.059641 1.509297 0.058904 0 0 0 1
Bip_FaceBrowUpIn_R
33
0.085586 1.549119 0.013797 0 0 0 1
Bip_FaceBrowUp_R
33
0.081472 1.551424 0.031075 0 0 0 1
Bip_FaceBrowUpOut_R
33
0.072855 1.549524 0.044866 0 0 0 1
Bip_FaceBrowUpSide_R
33
0.059813 1.540409 0.054631 0 0 0 1
Bip_FaceForehead00_R
33
0.083353 1.564675 0.015349 0 0 0 1
Bip_FaceForehead01_R
33
0.076935 1.563866 0.033080 0 0 0 1
Bip_FaceForehead02_R
33
0.067056 1.559259 0.047114 0 0 0 1
Bip_FaceForehead03_R
33
0.052144 1.548090 0.057798 0 0 0 1
Bip_FaceForeheadTop_R
33
0.069242 1.584837 0.037790 0 0 0 1
Bip_FaceTempleUp_R
33
0.042792 1.526412 0.063763 0 0 0 1
Bip_FaceNostrilUp_R
33
0.093216 1.502653 0.010056 0 0 0 1
Bip_FaceNostrilSide_R
33
0.086565 1.504257 0.012068 0 0 0 1
Bip_FaceTearTroughts01_R
33
0.078570 1.510738 0.017559 0 0 0 1
Bip_FaceNoseFrontSide_R
33
0.091557 1.510887 0.006952 0 0 0 1
Bip_FaceNoseMidSide_R
33
0.082804 1.520687 0.007071 0 0 0 1
Bip_FaceNostrilCheek01_R
33
0.081850 1.494665 0.018692 0 0 0 1
Bip_FaceCheekFront00_R
33
0.079516 1.505017 0.024744 0 0 0 1
Bip_FaceNostrilLo_R
33
0.087872 1.492753 0.016131 0 0 0 1
Bip_FaceUpperLipUp00_R
33
0.090737 1.482985 0.005980 0 0 0 1
Bip_FaceNostrilCheek00_R
33
0.081168 1.487259 0.024755 0 0 0 1
Bip_FaceCheekFront02_R
33
0.080076 1.498117 0.033107 0 0 0 1
Bip_FaceCheekSide03_R
33
0.079162 1.478838 0.031465 0 0 0 1
Bip_FaceCheekSide02_R
33
0.076808 1.488274 0.040286 0 0 0 1
Bip_FaceCheekSide01_R
33
0.071303 1.497470 0.049841 0 0 0 1
Bip_FaceCheekLo01_R
33
0.074343 1.466635 0.035519 0 0 0 1
Bip_FaceCheekLo00_R
33
0.062437 1.475071 0.050038 0 0 0 1
Bip_FaceUpperLipUp01_L
33
0.084369 1.484715 0.013621 0 0 0 1
Bip_FaceUpperLipUp02_R
33
0.083591 1.479783 0.019300 0 0 0 1
Bip_FaceCheekSide04_R
33
0.081469 1.473125 0.025526 0 0 0 1
Bip_FaceCheekLo02_R
33
0.078063 1.465145 0.028519 0 0 0 1
Bip_ChinFront00_R
33
0.082781 1.446950 0.011999 0 0 0 1
Bip_ChinFront01_R
33
0.077035 1.455502 0.025341 0 0 0 1
Bip_ChinUp00_R
33
0.076674 1.436839 0.018671 0 0 0 1
Bip_ChinUp01_R
33
0.071095 1.450185 0.030383 0 0 0 1
Bip_FaceTempleLoIn_R
33
0.030920 1.491438 0.062850 0 0 0 1
Bip_FaceTempleMiIn_R
33
0.037393 1.509111 0.065693 0 0 0 1
Bip_FaceTempleMiOut_R
33
0.015537 1.513319 0.066560 0 0 0 1
Bip_FaceMandible00_R
33
0.051626 1.457302 0.048342 0 0 0 1
Bip_FaceJawJoint03_R
33
0.021859 1.477886 0.061120 0 0 0 1
Bip_FaceTempleLoOut_R
33
0.009543 1.488159 0.059662 0 0 0 1
Bip_Chin00_R
33
0.060616 1.431227 0.020509 0 0 0 1
Bip_Chin01_R
33
0.054791 1.441269 0.033387 0 0 0 1
Bip_FaceMandible01_R
33
0.036781 1.452538 0.048367 0 0 0 1
Bip_FaceJawJoint02_R
33
0.013536 1.472449 0.057223 0 0 0 1
Bip_ChinLo_R
33
0.043895 1.430716 0.017411 0 0 0 1
Bip_FaceJawJoint01_R
33
0.002975 1.467845 0.048888 0 0 0 1
Bip_FaceMandible02_R
33
0.024895 1.446036 0.038047 0 0 0 1
Bip_FaceEyelidLo04_L
33
0.068093 1.518690 -0.044190 0 0 0 1
Bip_FaceEyelidLo03_L
33
0.073279 1.515799 -0.034766 0 0 0 1
Bip_FaceEyelidLo02_L
33
0.074207 1.517192 -0.027511 0 0 0 1
Bip_FaceEyelidLo01_L
33
0.073550 1.520535 -0.021111 0 0 0 1
Bip_FaceNoseSide_L
33
0.075648 1.523309 -0.011174 0 0 0 1
Bip_FaceEyeOrbitUp00_L
33
0.075951 1.534476 -0.018420 0 0 0 1
Bip_FaceEyeCover02_L
33
0.078444 1.537159 -0.028802 0 0 0 1
Bip_FaceEyeOrbitUp04_L
33
0.075363 1.535444 -0.040622 0 0 0 1
Bip_FaceEyeOrbitUp06_L
33
0.067662 1.531398 -0.047363 0 0 0 1
Bip_FaceEyeCanthusOut00_L
33
0.061268 1.524512 -0.051417 0 0 0 1
Bip_FaceCheekBone_L
33
0.065520 1.512429 -0.050717 0 0 0 1
Bip_FaceCheekFront01_L
33
0.075588 1.507099 -0.038754 0 0 0 1
Bip_FaceTearTroughts02_L
33
0.075993 1.511010 -0.027419 0 0 0 1
Bip_FaceTearTroughts00_L
33
0.074732 1.515331 -0.019689 0 0 0 1
Bip_FaceBrowLoIn_L
33
0.083608 1.541052 -0.015485 0 0 0 1
Bip_FaceBrowLo_L
33
0.081550 1.542892 -0.030225 0 0 0 1
Bip_FaceBrowLoOut_L
33
0.075972 1.540833 -0.043640 0 0 0 1
Bip_FaceBrowLoSide_L
33
0.065261 1.533746 -0.051958 0 0 0 1
Bip_FaceEyeCanthusOut01_L
33
0.056585 1.523209 -0.055969 0 0 0 1
Bip_FaceCheekSide00_L
33
0.059291 1.506544 -0.057274 0 0 0 1
Bip_FaceBrowUpIn_L
33
0.086326 1.549454 -0.014299 0 0 0 1
Bip_FaceBrowUp_L
33
0.081965 1.551308 -0.031488 0 0 0 1
Bip_FaceBrowUpOut_L
33
0.073933 1.548923 -0.045995 0 0 0 1
Bip_FaceBrowUpSide_L
33
0.061091 1.539302 -0.056099 0 0 0 1
Bip_FaceForehead00_L
33
0.084606 1.564692 -0.015526 0 0 0 1
Bip_FaceForehead01_L
33
0.078512 1.564248 -0.034131 0 0 0 1
Bip_FaceForehead02_L
33
0.068392 1.559652 -0.049016 0 0 0 1
Bip_FaceForehead03_L
33
0.052926 1.548141 -0.059026 0 0 0 1
Bip_FaceForeheadTop_L
33
0.069895 1.585169 -0.038129 0 0 0 1
Bip_FaceTempleUp_L
33
0.043310 1.524699 -0.063202 0 0 0 1
Bip_FaceNostrilUp_L
33
0.093416 1.503063 -0.011052 0 0 0 1
Bip_FaceNostrilSide_L
33
0.086948 1.504313 -0.012381 0 0 0 1
Bip_FaceTearTroughts01_L
33
0.079201 1.509946 -0.017935 0 0 0 1
Bip_FaceNoseFrontSide_L
33
0.092459 1.511445 -0.008033 0 0 0 1
Bip_FaceNoseMidSide_L
33
0.083644 1.521454 -0.008830 0 0 0 1
Bip_FaceNostrilCheek01_L
33
0.080726 1.494298 -0.018875 0 0 0 1
Bip_FaceCheekFront00_L
33
0.079259 1.504199 -0.024616 0 0 0 1
Bip_FaceNostrilLo_L
33
0.087328 1.492516 -0.016473 0 0 0 1
Bip_FaceUpperLipUp00_L
33
0.090796 1.483099 -0.005857 0 0 0 1
Bip_FaceNostrilCheek00_L
33
0.079621 1.486725 -0.024392 0 0 0 1
Bip_FaceCheekFront02_L
33
0.079424 1.497556 -0.032540 0 0 0 1
Bip_FaceCheekSide03_L
33
0.077553 1.478167 -0.029836 0 0 0 1
Bip_FaceCheekSide02_L
33
0.076220 1.487608 -0.039530 0 0 0 1
Bip_FaceCheekSide01_L
33
0.070928 1.496554 -0.048846 0 0 0 1
Bip_FaceCheekLo01_L
33
0.073115 1.466055 -0.033558 0 0 0 1
Bip_FaceCheekLo00_L
33
0.061511 1.473319 -0.049459 0 0 0 1
Bip_FaceUpperLipUp01_R
33
0.084297 1.484024 -0.012882 0 0 0 1
Bip_FaceUpperLipUp02_L
33
0.081693 1.479555 -0.018052 0 0 0 1
Bip_FaceCheekSide04_L
33
0.079422 1.472957 -0.023736 0 0 0 1
Bip_FaceCheekLo02_L
33
0.076344 1.464637 -0.026397 0 0 0 1
Bip_ChinFront00_L
33
0.081680 1.447038 -0.011843 0 0 0 1
Bip_ChinFront01_L
33
0.075806 1.455550 -0.024235 0 0 0 1
Bip_ChinUp00_L
33
0.075385 1.437048 -0.018195 0 0 0 1
Bip_ChinUp01_L
33
0.070260 1.450369 -0.029561 0 0 0 1
Bip_FaceTempleLoIn_L
33
0.031631 1.489230 -0.061790 0 0 0 1
Bip_FaceTempleMiIn_L
33
0.037933 1.507012 -0.064199 0 0 0 1
Bip_FaceTempleMiOut_L
33
0.016592 1.511839 -0.066218 0 0 0 1
Bip_FaceMandible00_L
33
0.051144 1.457470 -0.047741 0 0 0 1
Bip_FaceJawJoint03_L
33
0.022271 1.477969 -0.059734 0 0 0 1
Bip_FaceTempleLoOut_L
33
0.010139 1.488450 -0.058993 0 0 0 1
Bip_Chin00_L
33
0.060239 1.430898 -0.020274 0 0 0 1
Bip_Chin01_L
33
0.054164 1.441353 -0.033106 0 0 0 1
Bip_FaceMandible01_L
33
0.036359 1.453177 -0.048271 0 0 0 1
Bip_FaceJawJoint02_L
33
0.013857 1.472660 -0.057125 0 0 0 1
Bip_ChinLo_L
33
0.044357 1.429973 -0.017244 0 0 0 1
Bip_FaceJawJoint01_L
33
0.004059 1.467606 -0.049720 0 0 0 1
Bip_FaceMandible02_L
33
0.024668 1.445903 -0.039107 0 0 0 1
Bip_Eye_L
33
0.062841 1.529455 -0.031204 -0.000115 0.038929 -0.002942 0.999238
165B85B8
280
0.073449 1.529440 -0.032208 -0.000115 0.038929 -0.002942 0.999238
Bip_Eye_R
33
0.061744 1.532801 0.030250 0.001759 -0.041419 -0.042405 0.99824
D0FE4D8D
282
0.072290 1.531950 0.031303 0.001759 -0.041419 -0.042405 0.99824
Bip_HipFront_R
0
0.007685 0.864099 0.090000 0 0 0 1
C124F429
0
0.007685 0.864100 0.120000 0 0 0 1
Bip_HipFront_L
0
0.007685 0.864099 -0.090000 0 0 0 1
240DCACB
0
0.007685 0.864099 -0.120000 0 0 0 1
988D7D61
0
0.047685 0.994099 0.080000 -0.000001 0 0.002574 0.999997
1DEA9CED
0
-0.042315 0.994099 0.080000 -0.000001 0 -0.000002 1
F8C3A20F
0
-0.042315 0.994099 -0.080000 0 0 -0.000002 1
D66CD70B
0
0.047685 0.994099 -0.080000 0 0 0.000001 1
Bip_HipTwistBase_R
6
0.007685 0.834099 0.083320 0 0 0 1
Bip_HipTwistSide_R
292
0.007685 0.814099 0.113320 0 0 0 1
Bip_HipTwistFront_R
292
0.007685 0.814099 0.083320 0 0 0 1
4AE81FA1
292
0.007685 0.834099 0.083320 0 0 0 1
5CDB6256
295
-0.142315 0.834099 0.083320 0 0 0 1
9FED70FC
295
-0.142315 0.854099 0.083320 0 0 0 1
Bip_ThighTwistTop_R
6
0.001077 0.699777 0.083320 0 0 0 1
Bip_ThighTwistBottom_R
6
-0.005530 0.565454 0.083320 0 0 0 1
Bip_KneeIn_R
6
-0.012138 0.451129 0.083320 0 0 0 1
Bip_KneeOut_R
6
0.007865 0.451129 0.083320 0 0 0 1
5B9649EA
6
-0.105264 0.737048 0.083320 0 0 0 1
Bip_LegTwistTop_R
7
-0.021930 0.312416 0.083320 0 -0.004806 0 0.999988
Bip_LegTwistBottom_R
7
-0.031723 0.193700 0.083320 0 -0.009612 0 0.999954
Bip_Ankle_R
7
-0.041515 0.074984 0.083320 0 -0.014433 0 0.999896
AE9E67CD
305
-0.041515 0.074984 0.083320 -0.000713 -0.014415 0.04938 0.998676
1E5BEAD5
306
-0.023593 0.096859 0.083837 -0.000713 -0.014415 0.04938 0.998676
BD1FE1A4
306
-0.021621 0.076957 0.083899 -0.000713 -0.014415 0.04938 0.998676
766447AE
306
-0.040938 0.074984 0.063328 -0.000713 -0.014415 0.04938 0.998676
E0A4F95F
306
-0.061409 0.073011 0.082745 -0.000713 -0.014415 0.04938 0.998676
720CC601
306
-0.063381 0.092913 0.082689 -0.000713 -0.014415 0.04938 0.998676
63E60B1D
306
-0.042092 0.074984 0.103312 -0.000713 -0.014415 0.04938 0.998676
Bip_KneeTwistTopOutBase_R
7
-0.012138 0.431132 0.083320 0 0 0 1
Bip_KneeTwistTopOut_R
313
0.007862 0.431132 0.083320 0 0 0 1
Bip_KneeTwistBottomOut_R
7
0.007862 0.411132 0.083320 0 0 0 1
Bip_KneeTwistBottomIn_R
7
-0.012138 0.411132 0.083320 0 0 0 1
Bip_CollarHelper_R
11
-0.004104 1.332160 0.070000 0 0 0 1
Bip_CollarHelper_L
11
-0.004104 1.332160 -0.070000 0 0 0 1
Bip_ShoulderFrontOut_L
12
-0.031363 1.282029 -0.124643 0 0 0 1
Bip_ShoulderFrontIn_L
12
-0.037516 1.282029 -0.099187 0 0 0 1
Bip_ShoulderBackIn_L
12
-0.137516 1.282029 -0.105337 0 0 0 1
Bip_ShoulderTop_L
12
-0.060659 1.380077 -0.124643 0 0 0 1
Bip_ArmpitBase_L
12
-0.060659 1.330066 -0.124643 0 0 0 1
Bip_Armpit_L
323
-0.060659 1.330066 -0.124643 0 0 0 1
Bip_ArmpitRingBase_L
14
-0.044113 1.274096 -0.146863 -0.375403 -0.019894 0.001939 0.926646
606B514F
325
-0.044113 1.274095 -0.146863 -0.374636 -0.019954 0.00198 0.926955
1950184E
325
-0.043550 1.309789 -0.181447 -0.375403 -0.019894 0.001939 0.926646
Bip_UpperArmTwistTop_L
14
-0.041029 1.218111 -0.204593 -0.375672 -0.013913 0.016698 0.926498
Bip_UpperArmTwistBottom_L
14
-0.037945 1.162127 -0.262324 -0.375846 -0.007945 0.031408 0.926116
Bip_ForearmHelper_L
14
-0.035418 1.116272 -0.309609 -0.375925 -0.001976 0.046111 0.9255
Bip_ElbowHelper_L
14
-0.055333 1.114535 -0.308989 -0.375925 -0.001976 0.046111 0.9255
Bip_ForearmTwistTop_L
15
-0.006783 1.075668 -0.354661 -0.351332 -0.236772 0.13666 0.895449
Bip_ForearmTwistMiddle_L
15
0.021295 1.045192 -0.389269 -0.350566 -0.237906 0.133767 0.895886
Bip_ForearmTwistBottom_L
15
0.049372 1.014716 -0.423876 -0.349795 -0.239037 0.130872 0.896313
Bip_WristTwistBase_L
15
0.077450 0.984240 -0.458483 -0.349021 -0.240166 0.127976 0.896731
D4DF368F
335
0.077450 0.984240 -0.458483 -0.366008 -0.24273 0.116459 0.890819
59059E08
336
0.094551 0.991943 -0.451539 -0.366008 -0.24273 0.116459 0.890819
4C87D2BB
336
0.057806 0.975391 -0.466460 -0.366008 -0.24273 0.116459 0.890819
AE0FCF57
336
0.078050 0.970053 -0.444223 -0.366008 -0.24273 0.116459 0.890819
A5B10F10
336
0.076557 1.005348 -0.479702 -0.366008 -0.24273 0.116459 0.890819
Bip_ElbowFront_L
15
-0.024459 1.094854 -0.332874 -0.352095 -0.235636 0.139552 0.895003
Bip_ElbowBackTopBase_L
15
-0.034860 1.106143 -0.320054 -0.366996 -0.119781 0.093593 0.917718
Bip_ElbowBackTop_L
342
-0.053937 1.100949 -0.323077 -0.366996 -0.119781 0.093593 0.917718
Bip_ElbowBack_L
15
-0.041459 1.086539 -0.339345 -0.352095 -0.235636 0.139552 0.895003
F7AE1708
48
0.169646 0.894851 -0.509912 -0.583374 -0.357711 -0.097843 0.722596
A5154840
345
0.175234 0.897853 -0.517643 -0.583374 -0.357711 -0.097843 0.722596
3B041796
47
0.159813 0.914062 -0.507017 -0.497309 -0.366525 -0.05648 0.784317
D21278D6
347
0.164344 0.919052 -0.514404 -0.497309 -0.366525 -0.05648 0.784317
B58B1075
46
0.137717 0.942641 -0.494133 -0.409104 -0.370492 -0.016303 0.833729
4B1B296C
349
0.141021 0.949288 -0.500834 -0.409104 -0.370492 -0.016303 0.833729
4EEE7AEC
52
0.153022 0.882836 -0.526952 -0.644825 -0.26709 0.012342 0.716039
BD9358F3
351
0.156290 0.884517 -0.536253 -0.644825 -0.26709 0.012342 0.716039
82447A72
51
0.142524 0.904207 -0.523520 -0.547368 -0.263284 0.046593 0.793031
CA946865
353
0.144667 0.908172 -0.532447 -0.547368 -0.263284 0.046593 0.793031
0CCB7D91
50
0.120944 0.938560 -0.507004 -0.451551 -0.25609 0.076859 0.851242
539D39DF
355
0.121948 0.944364 -0.515085 -0.451551 -0.25609 0.076859 0.851242
5BB92EC1
56
0.099555 0.893095 -0.527997 -0.632655 -0.154736 0.09099 0.753343
4FD43B2C
357
0.100142 0.894924 -0.537811 -0.632655 -0.154736 0.09099 0.753343
97132E5F
55
0.094033 0.906887 -0.523129 -0.520113 -0.14036 0.111899 0.835021
38D30BBA
359
0.093624 0.911227 -0.532129 -0.520113 -0.14036 0.111899 0.835021
199C29BC
54
0.084634 0.928242 -0.508850 -0.459487 -0.132058 0.121586 0.869856
A1DA5A00
361
0.083732 0.933724 -0.517165 -0.459487 -0.132058 0.121586 0.869856
F103C1E0
60
0.131286 0.878173 -0.531335 -0.663621 -0.214906 0.082407 0.711781
44DFBA54
363
0.132966 0.879229 -0.541137 -0.663621 -0.214906 0.082407 0.711781
3DA9C17E
59
0.120880 0.899810 -0.528311 -0.571046 -0.203139 0.108212 0.787992
33D88AC2
365
0.121494 0.903053 -0.537751 -0.571046 -0.203139 0.108212 0.787992
B326C69D
58
0.102191 0.933169 -0.511626 -0.464795 -0.18751 0.133475 0.85498
AAD1DB78
367
0.101652 0.938492 -0.520075 -0.464795 -0.18751 0.133475 0.85498
6253E7C2
63
0.152826 0.932818 -0.455184 -0.076275 -0.637586 -0.532526 0.551437
B48107AA
369
0.159672 0.937030 -0.449235 -0.076275 -0.637586 -0.532526 0.551437
ECDCE021
62
0.133658 0.953092 -0.451809 -0.037515 -0.673275 -0.486622 0.555421
2D885610
371
0.139569 0.958328 -0.445674 -0.037515 -0.673275 -0.486622 0.555421
Bip_FaceEyeCover00_R
33
0.070867 1.530891 0.020681 -0.001572 0.00246 0.029449 0.999562
Bip_FaceEyeCover01_R
33
0.073856 1.534908 0.025318 -0.001564 0.003454 0.043207 0.999059
Bip_FaceEyeCover03_R
33
0.075608 1.536062 0.033247 -0.002429 0.004871 0.044208 0.999008
Bip_FaceEyeCover04_R
33
0.071401 1.533956 0.038765 -0.002403 0.003213 0.038422 0.999254
Bip_FaceEyeCover05_R
33
0.068320 1.532202 0.041207 -0.001479 0.001639 0.02714 0.999629
Bip_FaceEyelid00_R
33
0.070950 1.527668 0.021782 -0.000121 0.002462 0.007047 0.999972
Bip_FaceEyelid01_R
33
0.073371 1.526669 0.026125 -0.000717 0.003391 0.014042 0.999895
Bip_FaceEyelid02_R
33
0.073761 1.526091 0.032586 -0.00072 0.004896 0.018565 0.999816
Bip_FaceEyelid03_R
33
0.071606 1.527117 0.037554 -0.000408 0.003166 0.01635 0.999861
Bip_FaceEyelid04_R
33
0.068525 1.528880 0.040807 -0.000312 0.001641 0.009235 0.999956
Bip_FaceEyelid05_R
33
0.064965 1.530861 0.042499 0 0 0 1
Bip_FaceEyeOrbitUp01_R
33
0.073649 1.534412 0.018562 0.000082 0 0.000236 1
Bip_FaceEyeOrbitUp02_R
33
0.074746 1.540550 0.027357 0.000088 0 0.000626 1
Bip_FaceEyeOrbitUp03_R
33
0.072096 1.539095 0.039410 0.000141 0 0.000472 1
Bip_FaceEyeOrbitUp05_R
33
0.066454 1.533686 0.044795 0.000096 0 0.000197 1
Bip_FaceEyelidLo05_R
33
0.063402 1.528818 0.046578 0 0 0 1
Bip_FaceEyeCover00_L
33
0.071864 1.529217 -0.021545 0.000394 -0.002284 0.004159 0.999989
Bip_FaceEyeCover01_L
33
0.074632 1.532136 -0.025921 -0.000556 -0.003291 0.006211 0.999975
Bip_FaceEyeCover03_L
33
0.076369 1.533958 -0.033698 0.000574 -0.004512 0.007667 0.99996
Bip_FaceEyeCover04_L
33
0.072317 1.531602 -0.039707 0.001357 -0.002873 0.005163 0.999982
Bip_FaceEyeCover05_L
33
0.068779 1.529545 -0.042423 0.000425 -0.001523 0.003766 0.999992
Bip_FaceEyelid00_L
33
0.072217 1.525596 -0.022102 0.000177 -0.002283 0.001299 0.999997
Bip_FaceEyelid01_L
33
0.074334 1.524285 -0.026741 0.000195 -0.00305 0.002534 0.999992
Bip_FaceEyelid02_L
33
0.074837 1.523438 -0.033118 0.000124 -0.004564 0.003002 0.999985
Bip_FaceEyelid03_L
33
0.072614 1.524090 -0.038649 0.000287 -0.003036 0.002777 0.999992
Bip_FaceEyelid04_L
33
0.068995 1.525920 -0.042028 0.000257 -0.001522 0.001513 0.999998
Bip_FaceEyelid05_L
33
0.065933 1.527512 -0.043220 0 0 0 1
Bip_FaceEyeOrbitUp01_L
33
0.073218 1.531950 -0.019042 0.000103 0 0.000293 1
Bip_FaceEyeOrbitUp02_L
33
0.075466 1.538045 -0.028056 0.000114 0 0.000736 1
Bip_FaceEyeOrbitUp03_L
33
0.072956 1.536727 -0.040168 0.000178 0 0.000586 1
Bip_FaceEyeOrbitUp05_L
33
0.067733 1.531334 -0.045680 0.000123 0 0.000233 1
Bip_FaceEyelidLo05_L
33
0.064092 1.526134 -0.047675 0 0 0 1
77E87464
32
-0.021630 1.466516 0.000000 0 0 -0.023445 0.999725
5D2E137D
405
0.031599 1.426436 -0.014950 0 0 -0.023445 0.999725
3693685D
405
0.016454 1.438620 -0.032610 0 0 -0.023445 0.999725
04BF3E55
405
-0.001206 1.455456 -0.043690 0 0 -0.023445 0.999725
4DC44FAF
405
0.036116 1.424543 -0.000008 0 0 -0.023445 0.999725
3499B6CF
405
-0.086849 1.493581 -0.000628 0 0 -0.007238 0.999974
F43F9447
405
0.030810 1.428165 0.015150 0 0 -0.023445 0.999725
7872C237
405
0.017293 1.440082 0.031560 0 0 -0.023445 0.999725
A99657B9
405
-0.001743 1.455972 0.041610 0 0 -0.023445 0.999725
181035A3
32
-0.021995 1.466528 0.000000 0 0 0 1
289F9F60
31
-0.028065 1.412435 0.000000 0 0 -0.007263 0.999974
18590ADF
415
0.019698 1.386829 -0.000099 0 0 -0.007263 0.999974
Bip_CollarBack
31
-0.072508 1.416983 0.000000 0 0 -0.045572 0.998961
Bip_ShoulderFrontOut_R
16
-0.031363 1.282029 0.124643 0 0 0 1
Bip_ShoulderFrontIn_R
16
-0.037516 1.282029 0.099187 0 0 0 1
Bip_ShoulderBackIn_R
16
-0.137516 1.282029 0.105337 0 0 0 1
Bip_ShoulderTop_R
16
-0.060659 1.380077 0.124643 0 0 0 1
Bip_ArmpitBase_R
16
-0.060659 1.330066 0.124643 0 0 0 1
Bip_Armpit_R
422
-0.063046 1.330066 0.124643 0 0 0 1
Bip_ArmpitRingBase_R
18
-0.044113 1.274096 0.146863 0.375403 0.019894 0.001939 0.926646
7D5281AD
424
-0.043550 1.309790 0.181447 0.375403 0.019894 0.001939 0.926646
Bip_UpperArmTwistTop_R
18
-0.041029 1.218111 0.204593 0.375672 0.013913 0.016698 0.926498
Bip_UpperArmTwistBottom_R
18
-0.037945 1.162128 0.262324 0.375846 0.007945 0.031408 0.926116
Bip_ForearmHelper_R
18
-0.035418 1.116272 0.309609 0.375925 0.001976 0.046111 0.9255
Bip_ElbowHelper_R
18
-0.055333 1.114535 0.308989 0.375925 0.001976 0.046111 0.9255
Bip_ForearmTwistTop_R
19
-0.006783 1.075668 0.354661 0.351332 0.236772 0.13666 0.895449
Bip_ForearmTwistMiddle_R
19
0.021295 1.045192 0.389269 0.350566 0.237906 0.133767 0.895886
Bip_ForearmTwistBottom_R
19
0.049372 1.014716 0.423876 0.349795 0.239037 0.130872 0.896313
Bip_WristTwistBase_R
19
0.077450 0.984240 0.458483 0.349021 0.240166 0.127976 0.896731
79F65F63
433
0.077450 0.984240 0.458483 0.366008 0.242261 0.116286 0.890969
6314C725
434
0.076555 1.005350 0.479700 0.366008 0.242261 0.116286 0.890969
998181C6
434
0.078051 0.970051 0.444224 0.366008 0.242261 0.116286 0.890969
0F70FFE3
434
0.094561 0.991931 0.451552 0.366008 0.242261 0.116286 0.890969
1AF2B350
434
0.057794 0.975405 0.466446 0.366008 0.242261 0.116286 0.890969
Bip_ElbowFront_R
19
-0.024459 1.094854 0.332874 0.352095 0.235636 0.139552 0.895003
Bip_ElbowBack_R
19
-0.041459 1.086539 0.339345 0.352095 0.235636 0.139552 0.895003
Bip_ElbowBackTopBase_R
19
-0.034860 1.106143 0.320054 0.366996 0.119781 0.093593 0.917718
Bip_ElbowBackTop_R
441
-0.053937 1.100949 0.323077 0.366996 0.119781 0.093593 0.917718
5EBF9032
67
0.169646 0.894851 0.509912 0.583374 0.357711 -0.097843 0.722596
CC246B59
443
0.175233 0.897853 0.517643 0.583374 0.357711 -0.097843 0.722596
921590AC
66
0.159813 0.914061 0.507017 0.497309 0.366525 -0.05648 0.784317
BB235BCF
445
0.164344 0.919051 0.514404 0.497309 0.366525 -0.05648 0.784317
1C9A974F
65
0.137717 0.942640 0.494133 0.409104 0.370493 -0.016303 0.833728
222A0A75
447
0.141021 0.949288 0.500834 0.409104 0.370493 -0.016303 0.833728
884BB2D9
71
0.153022 0.882836 0.526952 0.644825 0.26709 0.012342 0.716039
D991C110
449
0.156290 0.884517 0.536253 0.644825 0.26709 0.012342 0.716039
44E1B247
70
0.142524 0.904207 0.523520 0.547368 0.263284 0.046593 0.793031
AE96F186
451
0.144667 0.908171 0.532447 0.547368 0.263284 0.046593 0.793031
CA6EB5A4
69
0.120944 0.938560 0.507004 0.451551 0.25609 0.076859 0.851242
379FA03C
453
0.121948 0.944363 0.515085 0.451551 0.25609 0.076859 0.851242
F2A8A9FB
75
0.099555 0.893095 0.527997 0.632655 0.154736 0.09099 0.753343
26E51835
455
0.100142 0.894924 0.537811 0.632655 0.154736 0.09099 0.753343
3E02A965
74
0.094033 0.906887 0.523129 0.520113 0.14036 0.111899 0.835021
51E228A3
457
0.093624 0.911227 0.532129 0.520113 0.14036 0.111899 0.835021
B08DAE86
73
0.084634 0.928242 0.508850 0.459487 0.132058 0.121586 0.869856
C8EB7919
459
0.083732 0.933724 0.517165 0.459487 0.132058 0.121586 0.869856
5C2AA80C
79
0.131286 0.878173 0.531335 0.663621 0.214906 0.082407 0.711781
733E5DC7
461
0.132965 0.879229 0.541137 0.663621 0.214906 0.082407 0.711781
9080A892
78
0.120880 0.899810 0.528311 0.571046 0.203139 0.108212 0.787992
04396D51
463
0.121494 0.903053 0.537751 0.571046 0.203139 0.108212 0.787992
1E0FAF71
77
0.102191 0.933169 0.511626 0.464795 0.18751 0.133475 0.85498
9D303CEB
465
0.101652 0.938492 0.520075 0.464795 0.18751 0.133475 0.85498
CB4260F8
82
0.152826 0.932818 0.455184 0.076275 0.637586 -0.532526 0.551437
DDB024B3
467
0.159672 0.937030 0.449235 0.076275 0.637586 -0.532526 0.551437
45CD671B
81
0.133658 0.953092 0.451809 0.037515 0.673275 -0.486622 0.555421
44B97509
469
0.139569 0.958328 0.445674 0.037515 0.673275 -0.486622 0.555421
Bip_HipTwistBase_L
20
0.007685 0.834099 -0.083320 0 0 0 1
Bip_HipTwistSide_L
471
0.007685 0.814099 -0.113320 0 0 0 1
Bip_HipTwistFront_L
471
0.007685 0.814099 -0.083320 0 0 0 1
57B30E72
471
0.007685 0.834099 -0.083320 0 0 0 1
9A7EAA63
474
-0.142315 0.834099 -0.083320 0 0 0 1
D10CDA96
474
-0.142315 0.854099 -0.083320 0 0 0 1
Bip_ThighTwistTop_L
20
0.001077 0.699777 -0.083320 0 0 0 1
Bip_ThighTwistBottom_L
20
-0.005530 0.565454 -0.083320 0 0 0 1
Bip_KneeIn_L
20
-0.012138 0.451129 -0.083320 0 0 0 1
Bip_KneeOut_L
20
0.007865 0.451129 -0.083320 0 0 0 1
84466009
20
-0.105264 0.737048 -0.083320 0 0 0 1
Bip_LegTwistTop_L
21
-0.021930 0.312416 -0.083320 0 0.004806 0 0.999988
Bip_LegTwistBottom_L
21
-0.031723 0.193700 -0.083320 0 0.009612 0 0.999954
Bip_Ankle_L
21
-0.041515 0.074984 -0.083320 0 0.014433 0 0.999896
997F805E
484
-0.041515 0.074984 -0.083320 0.000713 0.014415 0.04938 0.998676
Bip_AnkleHelper_R
485
-0.063381 0.092913 -0.082689 0.000713 0.014415 0.04938 0.998676
058DC7BD
485
-0.061409 0.073011 -0.082745 0.000713 0.014415 0.04938 0.998676
9F66E4D0
485
-0.042092 0.074984 -0.103312 0.000713 0.014415 0.04938 0.998676
29D5A444
485
-0.023593 0.096859 -0.083837 0.000713 0.014415 0.04938 0.998676
F3FE4BCE
485
-0.021621 0.076957 -0.083894 0.000713 0.014415 0.04938 0.998676
8AE4A863
485
-0.040938 0.074984 -0.063328 0.000713 0.014415 0.04938 0.998676
Bip_KneeTwistTopOutBase_L
21
-0.012138 0.431132 -0.083320 0 0 0 1
Bip_KneeTwistTopOut_L
492
0.007862 0.431132 -0.083320 0 0 0 1
Bip_KneeTwistBottomOut_L
21
0.007862 0.411132 -0.083320 0 0 0 1
Bip_KneeTwistBottomIn_L
21
-0.012138 0.411132 -0.083320 0 0 0 1
